0.976986853572581
0.976986853572581
0.974496599505164
0.9719352420860603
0.970493612998168
0.9702163586084425
0.9700513620975624
0.9700372729427148
0.9700828873593754
0.9702323408377794
0.9704798813144798
0.9707162382040972
0.9710921130324002
0.9714645340760328
0.971907381260753
0.9723554098249171
0.9728474378539474
0.9733477511682909
0.9738965373360092
0.9744016861484823
0.9749283159844409
0.9754781513087132
0.9760526252406705
0.9765652132012289
0.9771371561693046
0.9776268835786177
0.978174333253838
0.9787035524898076
0.9792082771616146
0.9797231303117613
0.9801921087065992
0.9806737236050268
0.9811406019478958
0.9815938993234044
0.982057890133778
0.9824868099015389
0.9829049583081653
0.983335711924368
0.9837076170999492
0.9840976942376405
0.9845016987737824
0.9848496130262068
0.9852167317422653
0.9855512009596752
0.9859268249979302
0.9862492417817764
0.9865662744154693
0.9868782170896502
0.9871644522495574
