0.7689655406938917
0.7689655406938917
0.7663847974394292
0.7635289929150648
0.7617298795842656
0.7612982324836027
0.7609951066443421
0.760743185405822
0.7606067569374644
0.7605206259195749
0.7604818109413952
0.7605269850187416
0.7605683115632801
0.7607230950614947
0.7608528231081203
0.7610445530101582
0.7612245166125771
0.7614706888865106
0.7617090485551992
0.7619688002238596
0.7622519916810053
0.7625360587516964
0.762826250054933
0.7631009645757998
0.7634271722324184
0.7637207070780125
0.764047184297091
0.7643420094264693
0.7646716180003525
0.7649944630235203
0.7649910833081415
0.7646600421446138
0.764340593568347
0.7640180182428301
0.7636770462728943
0.7633499450097042
0.7629843562555673
0.7626548454726629
0.7622877550603162
0.7619410976309129
0.7615738322788728
0.7612233710939377
0.7608572206619645
0.7604919593226763
0.7601076447809958
0.7597247942796618
0.759363587503877
0.7589841100299775
0.7585867372288725
