0
0
0.9530108585491736
0.923436025188307
0.8925641175272443
0.8825079278639159
0.8727224193552833
0.863287211859232
0.8542702039561352
0.8457130669162448
0.8376554833640463
0.8301071825518325
0.8230818187669762
0.8165695281982682
0.8105649514500689
0.8050348159356551
0.7999820794563487
0.7953510836065568
0.7911409371841448
0.7873052897940864
0.7838145760790394
0.7806390969148322
0.7777676661817465
0.7751567107110763
0.7727923714136344
0.7706541561428996
0.7687111555437875
0.7669521103392072
0.7653663072520582
0.7639017185607913
0.7625807799230725
0.7613797144248305
0.7602955950253651
0.7593059006871004
0.7584202222800528
0.75761709632271
0.7568867513736167
0.7562334878782206
0.7556483469628127
0.7551272558149396
0.7546506485737136
0.7542196625068981
0.7538534617466145
0.7535155264436892
0.7532207924392247
0.7529601587686935
0.752742396643181
0.752554114902263
0.7523885276329964
