0.768885695637764
0.768885695637764
0.7664246044562416
0.7635438475771947
0.7617539366721952
0.7613687049439131
0.7610704059652358
0.7608207767339445
0.760658237210825
0.7605462543262322
0.7605164582191497
0.7605703721560476
0.7606467434792034
0.7607535183453716
0.7608914140793189
0.7610663933120465
0.7612779040396376
0.7615307139043939
0.7617524574964776
0.762018387309923
0.7623072763177983
0.7625750648348899
0.7628703261196691
0.7631730433144419
0.7634824820564442
0.7637796354669862
0.7641093085951399
0.764407079844165
0.7647192709188649
0.765046455173619
0.7653654977309743
0.7656599231144061
0.7659697999694194
0.7662973039871707
0.7664261612997135
0.7661687768633217
0.765909614914143
0.7656491102556751
0.7654080565224081
0.7651458637175306
0.7648632055375063
0.7646008118796062
0.7643386502812805
0.7640409417822966
0.7637799867925139
0.7635002444796004
0.7632217362519779
0.762944622104059
0.762669052052292
