0
0
0.948725979883446
0.9221377994227726
0.8996828528420254
0.8852983017476451
0.8711781632488113
0.8575583047725914
0.8445654982118326
0.8322950519094164
0.8208472660555177
0.8102298223818023
0.8005066217702907
0.7916852459673671
0.7837395628551311
0.7766223396509946
0.7703062226168736
0.7647176469937803
0.7598450190259783
0.7555996775405776
0.7518823010736686
0.748721544269011
0.7459884425731561
0.743643548220851
0.7416385222813551
0.7399539991249182
0.7385449887438971
0.7373731701482547
0.7363980674211419
0.7355858516074262
0.7349257742173685
0.7344079558344133
0.7339991124670343
0.7336957433572615
0.7334638512609882
0.7333131195178139
0.7332109790934672
0.7331506449075156
0.7331471865348558
0.7331969084858173
0.7332567089910264
0.7333860948950693
0.7335380660507549
0.7337152735029016
0.7339111957214145
0.7341288189388999
0.7343456764026945
0.7345975051273906
0.7348823613800728
